38
0  0  0  0  
0.027027  0.105577  0  0.115265  
0.108108  0.377061  0.398649  0.129825  
0.0540541  0.196072  0.243243  0.124161  
0.0810811  0.256401  0.290541  0.116352  
0.0540541  0.165907  0.134384  0.100817  
0.0540541  0.165907  0.128378  0.107872  
0.0810811  0.226236  0.292042  0.117834  
0.0540541  0.150824  0.186186  0.0929648  
0.0540541  0.135742  0.144144  0.0864486  
0.0540541  0.105577  0.0990991  0.0804348  
0.0540541  0.0904945  0.0510511  0.0748988  
0.027027  0.0452473  0  0.0698113  
0.027027  0.0452473  0  0.0978836  
0.0540541  0.0904945  0.0525526  0.108187  
0.0540541  0.135742  0.102102  0.12013  
0.0540541  0.180989  0.148649  0.134058  
0.108108  0.392143  0.541291  0.150407  
0.0540541  0.180989  0.216967  0.135036  
0.0540541  0.165907  0.198949  0.12892  
0.0540541  0.150824  0.186186  0.124579  
0.0540541  0.150824  0.148649  0.0978836  
0.0540541  0.120659  0.102102  0.0837104  
0.0540541  0.0904945  0.0525526  0.0777311  
0.027027  0.0452473  0  0.0722656  
0.027027  0.0452473  0  0.082774  
0.0540541  0.0904945  0.0525526  0.0900243  
0.0540541  0.135742  0.102102  0.0981432  
0.0540541  0.165907  0.148649  0.107246  
0.0540541  0.226236  0.301051  0.139623  
0.0540541  0.180989  0.304805  0.127586  
0.0540541  0.150824  0.27027  0.117834  
0.0540541  0.120659  0.232733  0.108824  
0.0540541  0.120659  0.192192  0.100543  
0.0540541  0.120659  0.148649  0.0929648  
0.0540541  0.105577  0.102102  0.0860465  
0.0540541  0.0904945  0.0525526  0.0797414  
0.027027  0.0452473  0  0.074  
